18383843784
13438010504
17096657031
18224495165
18383847184
18349350530
18482394617
18380105408
18482339852
15028339184
18708158436
13438177959
18380454563
13689622954
15081564262
13943591541
13458504797
17744965598
15982417202
17744965321
18383843784
13438010504
17096657031
18224495165
18383847184
18349350530
18482394617
18380105408
18482339852
15028339184
18708158436
13438177959
18380454563
13689622954
15081564262
13943591541
13458504797
17744965598
15982417202
17744965321
18383848547
18202843218
15883661542
18327784053
15884275406
15175520794
13419026648
13943638849
18380144827
18780030314
18224057378
18702823140
18383843467
18383844244
17077485203
18129884954
17744917611
18380417589
15754536726
15881472541
13627767237
18249360732
15282851894
15946375131
18308420409
18482305180
18407762367
13694677025
17807709384
15183885240
17096654497
18200240573
18281069414
18383844468
18383844463
18308403564
18383846544
18383845485
18728049904
18129886284
18118714993
15883445412
15028311291
13696199429
18245397791
15028413846
15754531220
18702894510
15043672704
18482103681
18482018927
17010236953
18383843446
15983843445
18308411964
18771637996
18482023865
18402830568
18482126270
18402897212
18118715292
18380436134
18118715035
18383844541
18200146286
15883417549
15843621124
18408203481
15081323449
18308419743
18783132414
18244113174
18383844242
18308411476
18474762785
18330414033
18783161614
18280415675
15043504613
15282864495
18224012780
18224498150
13843574459
15114304989
17744930675
18118716069
13438890509
15704364873
13513473756
18349344792
15984920842
18380642249
13438318780
18349343231
15282875746
15183865847
18118716235
15984933224
18308405475
15883441147
15883443495
18200147900
15183681470
18374663748
18845350370
15945330629
15183867744
18728495751
15282876374
18118715165
18118716183
18308405436
18780684331
15183872460
18782217445
18444089206
15183864054
15282856147
18780694430
18474641840
17080207152
15886191842
15183861894
13473523991
15183866514
13674466423
13664476059
15081511409
13674469278
18118715130
15984919147
17744919608
18428058670
15081905204
15732572830
18129886194
15283544943
15945388104
18877610864
15282868514
18383804982
13550635854
17096653363
13668307441
18308411348
13904450470
13894664742
18118716124
18782438386
18712745044
15984913241
15183868604
13843573314
18782459583
18349344138
15043502649
15984925495
18383809241
18380107134
17807763307
18327468154
17744919408
13459191284
18280558649
13151502090
18308412429
15984936497
18280550204
18280564270
15282877465
18712745452
15282867405
13689669445
18383831274
17095936389
15883652974
18276658367
18474665702
13438230195
17744919568
15881472043
18200451368
18200465293
18200436835
18200480092
17744919211
18482295736
15282872254
13438146796
15282880647
13438147077
18482310286
15734638654
18780665394
15171689023
15944504790
13402823363
15208487717
18380433832
18349327561
15144557242
15043586541
15104357748
13658169724
17744919488
17744919508
13894586214
15984922438
18383807452
18782004129
15183864462
14702868234
18380433718
18482143373
18714445530
17744919533
18327714317
18327748901
18327749404
18408278770
15283864047
17098324751
17744917883
13944590447
18245394576
13943584230
18782434301
18408249441
17388785085
18280437078
15244919960
18783843451
15804355646
17847553412
17080203325
18482057671
15707470435
15774100624
13408069154
13438145663
15828416192
17744919528
18782459678
17744919522
15943544541
18249333236
15282851049
15198147517
15075317356
18330400667
18330417626
18428387498
18330413794
18280349287
18280427732
18408286759
18408285274
17744918155
17744918508
18380412902
18381823697
15046368713
15175570409
18200450091
13604459764
18428395028
15028333064
15028508093
18745381329
18408287319
18328505304
18428066228
15043553440
18380104830
17744918198
18308417480
18123978303
18482306585
17324481066
18281073844
18380435029
18482355502
15983848848
15114354783
18380415620
18349321862
13408584131
13408599726
13513467332
18327714724
18224092033
15984942848
15044559214
18744555419
17744964718
18129884694
15282883154
18327468292
15143504094
18327714377
18308434684
15081385632
18349343421
18408289164
18782182397
18308416674
14702868146
18346353921
15982948049
14702868350
17744965698
18129890374
13628103248
15075434374
18308417462
18308416475
18200440110
17077489339
13438487409
18782191238
18782454951
15183866468
17744918477
18244411754
15983054975
18380642468
18383803714
15183898254
17744918808
17091355529
15289525357
14736039543
18380458091
13722325827
17096653443
18782182860
18782191140
15843582457
15144554535
18280340539
13438008159
13944599848
18843556408
13943576042
15834694489
18227147340
15944627304
15845315180
15883404486
18249332313
13408635863
15282880643
18383804959
13678383470
18443565496
18782197679
18380646466
18380647450
13689629624
13408646325
18280547147
17388771485
13844582430
18380649495
18280347236
18408224592
15883401940
15144587494
18280500408
15208142872
18482376552
18349389048
17091355398
18245307641
17322338422
18783173413
18728041041
18483607971
18783111346
18227110415
13550667148
15283585914
18874608479
18280575401
18482191729
18397494048
13619034634
13438499260
18280432180
18443574416
18380141950
17096653310
13040224452
13568104471
18280563334
13438925064
18482329717
15729862451
18782441752
18402840795
18224059158
17096659133
15183875452
18874608546
18408295940
15884282340
15196974228
18743555495
13894544487
13408579524
13438848302
15202849190
18782280384
15971409403
18138427445
13627187817
15972837099
18482374380
13408554840
18380114680
18200447872
17045568164
18308420545
13438005816
13408647975
15183680414
18783174647
18732533453
18349333056
18349310816
18280475733
15846769360
17744913441
13419003489
13419002694
13547041482
18380145884
18380433763
18283802845
18281062314
15281454518
18402893553
15196647281
15283184513
13438117750
13408621359
15884291499
18732560848
18118715973
17096656151
18404354163
15904362415
17744916859
15271559835
18327468276
18380435237
18380433681
15208499087
18200437297
13689660465
18483620085
18402864635
18783132434
18346353209
13628075401
18129887134
15283632467
13438308279
15183831340
18280576064
18349312450
15928548553
15884280944
18380194572
18227641321
15831378504
15831374751
18474695800
13614607478
17744913723
17744913443
17080407760
15943588479
15041406410
15084291023
13704241654
18782439178
18782266273
15884288044
15114012935
14702851353
18346331797
15775900804
13689625144
18428073763
15984940749
18138441893
18148592805
13483527428
18782492909
17003737430
13402895204
15283135049
13568108294
13698239420
13408573808
13458670858
17080342574
13402858452
15196349124
15982456268
15883429403
18402860863
15081319146
18129987048
18129989400
18327465957
15208472538
18200471109
18346393269
15281452343
17080342785
13438496042
15844554083
13630753646
18244687404
18200418737
13438909798
17096659515
13986541548
13647135523
18129989248
18124048317
15884284392
18744523949
13408652286
18782084815
15181079454
15984924199
18482284050
18308413454
15884281410
18482295565
18428079556
18281017134
15870856957
18200467063
15075311964
17744914291
18224067967
13458671146
15943606094
15114401034
18123971650
18843504408
15181048641
13458683534
13648100499
18743554738
15043503574
18330439493
17322338478
15943545604
18227143440
15144558498
15982249350
15203154335
18124068337
18782463337
17744911483
17086816683
18280567541
18843554776
15892489740
15283803487
15843511406
13477662532
18330435217
13836351425
18124068216
18124061025
18227145446
18232557984
15072823137
18200466602
13944588745
18443566149
18327466442
18349349771
15883613474
15208487983
18402889838
13694354962
18138280678
18123971601
15204536891
15945308736
18330427042
15846759257
18249378738
15982405300
18743556421
18404352478
18783849640
17080403609
13438805105
18383832439
18782237140
18349380208
13894514535
15883635284
18746331760
15883417504
13628101534
18849548172
18346350747
15754537215
13943589242
15144594457
17077487850
18330401224
18123977265
18302849367
18728048945
17744916875
18383863406
17080403231
15843516994
15883629042
13477671629
18283834142
15984912147
18728491068
18783129426
15114397495
15043557545
17086818248
17744910583
15892488483
13419021456
13419021456
15945369085
18123816113
13408523138
18244685967
13795805411
13568569435
15883628248
15183882884
15183884124
15943506471
15754535082
18243522447
13943595884
13332906258
17095937689
15883817254
13438295203
15283808417
15081540418
15183833874
17744911749
15181005954
13657463435
13604454956
13943537241
18383834364
15777640934
15994692134
18780090654
18343552479
18328742767
17051518020
18227129345
15183851847
13458990864
13698190445
15883654463
18308416754
18308432543
15361599785
18443584369
18482320239
13405970410
13874733431
18482370079
15883429450
15183829434
13550616724
15008346404
18224015933
17096655284
15892464435
13943588784
17744910979
18383806248
18308413415
13489171321
13405952621
13458507146
18383805841
13795811954
13488923436
13408613714
18383839194
18782461412
18782455386
15246342530
17847553941
18843554341
13438067714
13458997342
13408047855
15883666354
18780026994
17744910663
13843538584
18374623492
13408541019
18780674795
13438172541
15729864179
13408385268
13696196443
18782444849
18782460973
17744966033
17095688979
15883625114
15714467808
15874673134
18482370365
17096654665
13689650534
13689641436
13405924805
15944582461
18428079366
17744911141
15883644842
13408644914
18245381565
13438484712
17744913343
13438184409
13698184684
18349341325
18402862537
18482316762
13438041628
13438903277
18200242656
18482319321
13489140002
13843570418
13843572461
18281077264
14708003435
18038124028
15183878543
18782248372
18281023834
13843514627
13438232347
13408144202
18702844753
13664353374
13408664452
18145843189
18782142967
13402862037
13438953745
13408648898
17744964518
13658165405
15883667412
18145843081
13844591462
18244114284
15183136441
15243426538
18482304535
15883646347
18482314880
18383854397
15196331564
18308414884
13408065527
15361599267
15028315980
18349350739
15883655084
15183890748
13458605046
18428390283
18383849094
18380145316
13628073492
13943597447
13658161405
13766652504
18349342232
18145843180
18482373602
15928419152
18482302581
13438916255
18308414654
15892484827
18145843192
18482332610
15874640674
18224085138
18383849004
15883650490
15943504960
18328546419
18408266298
18280594530
15945320161
18745365749
15984904358
15208341953
18304354558
18428083935
18380644703
15208467768
15044586482
15883641842
14702866334
13488974768
18408284803
18145841751
18349393187
18308410144
18782200502
15834665141
15883656494
18428068717
15928940558
18782202165
13408458908
18224093085
13438315419
15883412241
15883404724
18482343255
15144588494
15843589414
17096653464
18245342859
15283575472
13332906377
15361599157
15883641842
18383804529
18244110874
13402887902
18402864073
15183890412
15843622864
15984931594
13945317060
18227196426
14702856623
18482001823
13408016154
18428090020
18780003754
18783136554
18428379477
18145843167
13332906298
18783172346
18380411087
15883661440
15043589441
15196974760
18728046349
13694633341
18380439335
18380433018
18224071957
15044554693
13945352454
13843513924
18482378425
18398435274
18380102404
18782244335
18349129938
18145841757
13332906398
18783168144
15183886494
15043580540
15183879741
18482354270
13419026309
14702866243
17080203158
18482933511
15834559974
18743554705
18782202070
18745371020
13807462472
18443586943
18224057796
15883662634
18382507864
13332906318
15181943401
15338845052
18404354506
15084282816
15282883425
15181943401
15944502014
18482375606
15028341058
15282584891
15982405057
17098324582
18383800314
13458639647
18374637423
18383800245
15874636724
15183889438
18428098651
15044550104
18374679431
15984904970
15040681162
15143594801
13402832813
15945493809
13944594634
18482360482
17744930754
13458654972
18245347385
18245382343
18807467430
13807469479
13438166652
18349392008
13582415597
13689665421
13689665741
15127574398
13408464036
15828199485
18782076564
18874608547
15043582374
18383831074
17847552480
18782417300
13408414974
15183681494
18246325462
15883680465
15803330364
15144554771
18397495451
17080406903
18702884611
17376821648
13843578478
18874608492
15704367946
18874608640
18227642397
15114065807
17096656084
18380454475
18380134424
18244415433
18782443760
13438327664
13237021183
15032907844
17041183513
13933775934
13408549415
18327749159
15044583249
13722312510
17847552475
18728491330
15271644833
15945492730
18327714010
18380408141
15928491121
18877610687
18327748649
15928413203
15208245186
13438092037
17744918448
17080409373
18327748705
13704534095
13730754331
15846757063
13644363105
13604459741
17096655284
13408697413
15907863567
17744918898
13408682051
13933776210
17376822733
18708153814
18443574728
13438192695
15081318414
13500956247
18780682240
17086815288
13438875589
13568098541
18200456681
18782252787
17080407100
15884272834
18428082650
13582971303
17744918876
15884274151
15028404807
17080200513
13722315374
13477641542
15098030421
13658168421
15982469087
15076431912
13438862875
13438325350
18227189974
18428338370
18281097489
17091355239
15143594481
17096654497
17095936145
15834562143
13658168421
13438322514
15945330204
18782296901
15114308941
18330436120
18783100453
18383800934
13974681846
18428080521
15283649343
13402859792
15982470630
13438894384
13658168421
18281045604
13698185641
13550648949
18383843247
17096659097
18443581490
18380156143
13405971703
15044503348
13944593714
18245395107
18482191611
13658168421
18443585410
13408411042
18349335261
18782141638
13658168421
17098234956
17095937689
13582415127
18482042980
13766194582
18280481370
18428345147
15044551347
17095937609
18224091019
15028414743
15208489819
13658168421
18482295855
13405939756
14736080362
18380641473
18443558849
13402850277
18408241329
18482125622
15844500465
18349399455
17084980213
13658172254
13658168421
15774100040
13400510760
13458554132
18280410120
13894581364
13844587147
15145390210
18408277500
18482156417
17096655027
15883410842
18380113644
18383803964
13766189134
13658168421
18380641734
18330426457
18782444876
13402897577
15883400447
18482078774
18482139283
18746319109
15892463041
13658168421
15843585954
15982415870
18280241667
13408597248
18383834254
15831370743
13438332466
13438218264
13658168421
18349320355
18304350154
15114355447
18743555481
15028508014
18281058421
13438162087
15183891304
15081384621
15944500143
13489941062
15008348411
13514354894
18281057436
15144557467
13408525192
18327714530
18482595228
13658168421
18702842882
18277648727
13845345862
18280545841
17322338533
13689626943
18482599748
18383800439
18781984402
13658152848
13438464863
15143509647
13400519307
13894535334
18281042426
13658168421
13658168421
13894686140
15282870354
18380642419
18782217785
15104354939
15904350742
17388786371
18708119804
15282872248
15282875548
13550626024
18281084921
15143585904
13944599043
13658168421
13678311341
15892477064
13894534623
15844551437
18780023470
18349394256
15230503847
18714533295
13658168421
15982417682
18408299259
18380427132
18215547313
18280469317
13438219349
18483636974
13658171543
13843594742
15844584609
13778907694
18843586594
17096656100
15928045759
13894534029
15904351040
13658168421
13438298944
13438356721
13438312867
18227145460
13943580114
18782200240
18343554049
13664354858
13843596934
15883639442
15208478623
13844544175
18782428163
13664354836
13658168421
18281046934
17847552743
15881473407
18283842554
18712814894
18483610942
18308412428
15984937461
15081339425
15081340191
15028335177
15183887446
13408683223
18346399736
18123977137
18138277278
18380149835
18244411034
18327468474
15883652843
18483640876
13408579201
18771653462
15884518994
15183883843
13408497163
18327749200
15883401924
18224016231
15828230451
15271645341
18227147472
18123977267
18124070790
15883669040
18145843220
17087884826
13694353438
18327466371
18428321546
13408421302
18224018291
18244418624
15323716477
15883402514
15183892734
18227641805
13409850204
18327466433
18702847057
18124059862
19924496272
15883661548
13630767601
17096656071
15338846920
13658177417
15196994580
13890973934
15098032083
18280542441
13704358034
15883644991
13664364414
15883664034
18380101924
18280564918
18380138814
19924446865
19924446867
18200461018
13763601673
18145843172
13658169440
17096653443
18244416477
13648100904
18782267411
18380644864
18280554307
18782442875
13658179401
15881475541
13438046875
18245392585
18129885164
18124033669
15946327001
18814533086
17077483652
15246397589
19924495990
13458679318
19924495967
18308434565
13946340231
13804457462
13795814748
15945478798
18124009760
15283577427
18280546014
13550668249
19924495986
18308417547
18783195414
19924440552
18714537968
15883435584
18444060361
18308417540
17080408919
15196337142
18783100429
17744930935
18783127314
15183873648
18224402035
18732553504
18482164103
13596827951
17096653665
13596829937
15874642124
15208485691
18330487169
17744912354
15214632762
15183885754
13408667187
17047959245
13689755729
15714467635
15883413434
13807465457
18327748922
15208481596
17095688932
17744916416
13438137475
17019139543
15183894361
15881473141
15883658594
13634462874
17744917076
13408654571
18280508348
18714415629
18714445717
15183873224
15028334712
17086931214
17095689056
13408675202
17744911126
15984929495
13408656810
15943621426
17744918911
15984926487
15943641104
17744914006
13408575195
13894547416
15008344039
18281077034
15208142360
13843514603
13408654582
15230529427
17744913942
13644369828
15181034784
18783845264
17744910535
14702868515
13408676529
18383832334
15874624144
13766189734
13438115633
17098235574
17744913517
18443586465
18349388915
17744913204
15844504335
18714532807
18349349904
18771638857
13596883294
13634460529
18832592450
15143585495
14702868044
15323730576
13392167470
13944598564
17091355569
15144588041
18380157412
13473530862
13473588919
18780074832
18732546784
13438475327
15844556394
15883641649
18702887084
13568560745
15928473702
18124043690
13316491476
18383804154
13473594965
13473575168
17096657132
15982143639
15982943884
15203155453
18380446149
15892480504
15892480504
18330440237
17087882410
18245334786
15984933473
15984906443
18124042503
15892480442
18123831792
15243411625
13473539131
15883662427
15892483824
18782195816
18349339416
15081527348
13408539537
17091355328
18129923998
18482379882
18782459105
15183680194
18346318157
18224016283
18124780574
18227178894
18782439313
15028308440
13438319178
13438316004
13473591419
18330434306
18380442155
15245398332
18129989498
15031564216
18123856791
18280435619
15943545141
18227149946
18712834384
13473589832
18280582646
15828209456
18408241770
18482350061
15984930479
18408246606
18224488820
13943664837
17080409163
18783134205
13647133269
15282868415
18280569940
13843582094
13473904472
13473579014
18224085187
15883416594
15883416594
18380426582
15883695224
18280574884
18783840141
18283825407
18327468479
15243419197
13473533275
18280577984
15883401479
19924440390
19924440667
15943687714
15183832304
13971733575
15008398694
18280581604
15971354160
13804458419
18731549354
15243412512
18383848844
18280526684
18327468564
18443587485
18383807544
15282851804
18383804806
18224025917
13550656048
13971714604
13886426487
18443584285
15834693645
15834603482
18383861461
13419019994
18732574244
18732505614
15982045518
18343617014
15971399451
18781049442
15203251648
18732543025
18383860438
18327468364
15997320178
13458516174
15203159045
18232591346
15032948081
13438096656
15765104931
13658177483
13658171124
13944545643
13438874359
17744916807
17744913775
18200413032
18330442377
15203157349
15230507914
18330436880
13408688169
15032904304
15230963540
18383832564
13438318616
17744910581
13438076270
17744915804
15282879774
18377617307
13658163942
15804354913
15203152594
18732594511
18249340910
18780674211
15971399440
13658161624
13438090126
18383804399
13582837619
19924448978
13514560912
13408695874
18383800064
18281004298
18383860544
17744917170
15283184775
18474795175
17744913420
13658167134
18249361979
13597590025
15708315141
18304354967
15203254851
15203154942
13658163764
13807467462
15704364674
13408383921
18428079221
15754631727
13438375714
17744917510
18780694530
18408263083
13943537024
17744915950
13658164498
13408684346
18443582304
13871958684
18771613155
18732544995
13458521130
15203158744
13658173468
17080203288
15031514550
15046386371
18249337335
18728490903
15081539545
15943504839
13438095171
17744916702
17744911137
13689627458
18408271210
18398170454
17095936389
18282590864
13458159175
13419029754
18732533849
18732549971
15282847147
13555404612
15046375283
17744910949
15030586554
17739343819
13408604450
13438010879
13458654273
15754637580
17744910994
18732545569
15203250841
17744910745
13550662349
17096658430
13550662349
17096658430
13408458502
18408274838
15846742303
18380425012
15208467226
17749475972
17796670494
15183684104
18780670604
13458698450
18346394360
15031524227
18227193341
18327748405
13943349640
17746953435
17096655027
15884278422
17096655027
15884278422
18308415840
15845318469
18137241257
15704539291
15046335542
18246343681
13689631946
13931339619
15114354808
15944504052
15230503845
17096659134
13438497078
13438826671
13438137236
15183815924
18380426382
13804825293
15102842750
15846795460
18732540069
18402812831
17737235812
17746957517
18843582483
17080208776
13795814681
15883441115
13458623343
18280552549
13438119515
13408483076
13943591846
18380411792
19924446536
18782023854
17724950462
15346334114
19924446612
18780153476
15208489972
13438496380
18482337764
13558261997
13438121116
15232740334
13568103824
18783166864
15230529465
15232643402
18780024710
15943504675
13943402634
18408248630
18482138020
18482324509
13647760007
15834693486
17749479508
17068781958
17739342961
15183832654
13890972314
13596882245
18227192504
18330401560
19924440670
18482057524
13458613381
13678319204
18483606408
17729704610
17724952943
17068780883
15044506945
15144584575
13558361104
18349342547
18349342547
13943409743
13408570480
13488956483
19924440671
13766185461
18482079180
18482338734
13658177494
15777634237
15230541415
18232564363
17746952796
17746954476
13843589694
13766144286
18281003640
18308414043
17068780832
15883406452
13944588440
15704364194
18782049462
13438310971
18482324341
18781998941
15230533794
18383829445
17746954976
15943589074
15844504158
17739358421
17068780360
18482327619
18482331914
18482260217
15043681074
18428063569
15884533519
15883449450
17096653474
18249377952
15754631582
15892477448
15883424013
17737824093
15044552154
15046340191
13408439050
15146310642
15943504438
15114392346
15834665428
13402809209
13408431082
18712747445
17045565847
18782291081
18308413314
18346366302
13943592648
13408433543
18380647438
18443582047
17096657132
15883403446
13458610675
18782187422
18349329453
17086810667
18383804371
13408431681
18283804194
13789219746
15081382542
18380157349
18743554718
18712746468
13473544564
18782177051
18349329361
18474698775
18280492008
18745341696
15075317491
15177045309
18782213805
18224079235
18712747745
18380419182
18349326204
18483640970
13438175025
15208481550
15981609451
15828217649
15282861460
18349330030
18349327156
15972815919
15764535905
15774635028
18483695414
17077481350
18383804848
13894599046
18444088102
18443234293
13408602428
18349328176
18408225388
17092634101
13438343329
18349326817
15183908481
18349322483
15246385486
18328045718
18245396709
18249367960
13946359451
17096653665
18783193457
18328502049
18349325616
15945495962
15104354365
18283847847
15846751095
13408501895
17744912610
13596882443
15881475643
15729874680
18349329100
18349327889
13488971358
18123973819
13943583149
15834558640
13408499352
13408608562
15883435740
18249331652
18124005095
18783134264
15183679694
18482349937
15883437439
13698193346
17847553547
13488971771
13458616093
18428058516
18249347749
13668300446
18124054653
13392427473
13408089924
15143503614
13402824484
15183880814
17847553486
13438049106
15032905489
17744919318
17744912991
18780034338
18482342162
13696191046
13438201639
18349349202
15834556634
15143505481
15114035197
18245356814
15883416374
18780031146
15904532729
18443554698
18482288530
13689668344
18482340763
18304356461
17091355756
18327468131
15883448443
13316500471
18714413618
18124010767
13943594274
15183895434
18482386057
18728492523
15886103049
18482320410
13568090714
18227192749
18383804155
15892463449
15892462489
17096653464
15028339573
18123853102
18124052035
18771642158
13694670043
15943549498
18482390706
18780029497
18308431462
13438927804
17096657414
15844684837
14702868418
15883696914
18283826495
13408567384
18124003086
18782004087
17095937689
17744930656
13894595854
18482371147
18780028643
15114306845
13408625573
13550610141
15183869406
18346339182
18383804108
17087884162
15884297647
18280528774
18280533462
18123838093
13316489021
18482305698
18482380306
13438031043
18283806584
13438046775
15283862486
15246334930
15028509974
18224065838
18349326424
15874635214
17096657031
15282864814
17744918928
15028511342
15361579192
18129855933
18482378013
18482381487
18482263578
18228908044
18281050349
13488998083
18380457284
18783108419
18280540742
18280536472
18224093820
17051990867
18308431462
17095938081
18244575023
18481909067
13408536617
18783134308
15928849753
18780012648
18482315583
15323752943
18428385460
18245306630
15323751463
13408074010
18380644925
18308419724
15196328346
18280544298
15884284242
18783104584
15946305906
13550656604
15144584287
13644636975
13408633514
17077480895
13668304864
15076484355
13597580044
18308430409
18281049445
18227143947
18714538963
13488905727
13408086527
15883652474
13618109784
18138824560
15883631824
15883619364
17077486795
13618108246
18138422632
13438986703
18346352313
18249326630
18280543654
18280541465
18384821574
13597547227
13458553655
15883417146
13843576104
13844584838
15984921354
18782115534
18782091411
18148592124
18123977320
13438961924
18482292581
15892472497
18281058847
18281047324
18280548044
13689619904
13408066804
13438069521
18481942604
18224055785
13696193054
18327724119
18771591094
15183689646
18782143224
13438033906
18281049224
18123987687
18123977989
18280547417
13438855697
15984923490
18428351795
18327468589
18408212022
17040684753
13658168634
18428066726
13438066345
18280541242
13408660343
18280542964
18200458186
18702858384
13568094719
13458680721
18124017907
15245330523
18124017930
13408085904
14708003473
15214635594
15183864141
15883425482
18245338443
18280540404
18281045964
13438975413
18714446057
18200452521
13408536706
18123987397
18123978691
15760056354
15281437604
15946366493
18280598814
18349336584
15282865604
13458524824
18280541574
18227148402
13438231757
18245374883
13408545343
13674466402
13438877926
15114394929
18474678675
18123975175
13890978641
13795924021
18123978280
15283661490
18383828447
18380464068
18327465947
13408611314
15282887431
18244410747
18281049724
18245300573
18224015191
18245308013
18249330692
15908148929
13408075828
13637464244
13408587704
17086814171
13419291120
18224023073
18380412190
15102849860
15846494537
13487048414
13504830479
18124004075
18123976961
15203152974
15282873114
15944611124
18383840430
18224057830
13438052529
18280541648
18349389271
18483104287
18383841047
17096659133
18780014771
18123978103
18123985205
18474671211
18383840674
13508656623
18771617840
18482573392
18732548961
18843552464
13438145256
18346358175
18482367908
13113099445
18383840745
18782044996
15246341157
15028309941
18780027314
18780692426
13508656921
18123981275
18124001525
13438313714
15144581849
15202840910
13113057740
15704364062
13568114912
15114351841
15044554548
18383840584
15907259729
15997393780
15181033426
18732566142
13408020710
18383841147
17744962911
18123984907
14702868406
17096659133
18383805415
13113060360
13550600243
18782436455
18782451147
15904361774
18380645474
13597606183
13986558475
18474795133
18280548416
15114390747
18308416456
13438118688
18328514697
19924498356
18200463795
18783114873
18380644916
13332906345
13332906328
13972704001
13946335705
13113067946
15028311005
18308417242
18380199147
15704364039
18349350230
18380649470
15704060840
13634467305
13408615372
13332905922
13332905911
15907259823
18482596058
18302842755
18349108957
15081650947
18244410149
15765113463
13689630514
18380644774
15984935487
18380645047
15361567970
13678380450
18249336928
13508653315
13597591485
15892462564
15881468843
18145843202
13458962480
18380644708
15183868614
15764530107
18346346402
18482301967
15283880436
15361599065
18444088661
15884297476
18380649714
15883644344
13408521112
18245392898
18782275133
18145843139
18380645496
15282876084
15283880458
15884288446
18444083762
15884299804
15114309491
13458684667
18428096761
15892483449
15704537315
15982456251
13332906308
18380645145
18283819064
18145843195
18482268935
18783177480
15282879459
15196349849
15143505340
13944594625
18404353247
13458662760
18200476938
15734391415
15143597084
18444088806
18145843135
18145841759
13628104794
17807765087
18780684193
15283554665
18780681416
18380644724
18702879642
15834558734
13843592428
13904459545
18380644855
18783174755
15282873974
17080207079
15203254264
18380647462
13473913140
13694674652
18780684459
15928437862
18281049447
18444085698
15984904794
13843596480
13408656776
15143509845
18145841752
18408207388
18380645543
13438901905
15361568115
18380644812
18304354856
15114307640
13943594675
15283662046
15282879674
18280406577
18327714401
18712740334
15114352154
13408150760
15844506145
13766148847
13332906411
18145841030
18428396513
18728049984
18781042043
13408660347
18444089059
13513133941
18443584723
13438496880
13513473370
18877612747
18408239770
18782174957
18346354070
13658178134
15834694181
15114355734
13438324212
18038122948
15143508549
18224007825
13504832902
18728046804
13689628142
18224480735
15104359854
13408013480
18444085739
18224093635
18349326169
17080408079
13932314609
15208487925
13943594505
13944545724
18128864778
15775364610
15146325205
18728047354
18728044053
15984949459
18145843203
15044558642
13438818077
15028334060
13698233949
13845373097
15104354148
15183890234
18428058632
18249353005
15044501143
15834554189
13473528719
15971405028
13894541274
18245340617
18245340617
18280554441
15214624920
18482389634
13614606259
13438148092
18224065233
15144550419
14736081360
13438145750
18380406490
15008176452
19924496117
18380419951
13843537461
15104354272
13473591947
15881468174
15883426194
13513065604
17087884491
15043588246
15183869473
15883666484
15981607741
18782456351
18349326474
18224022976
15243414628
15928547795
15075314241
13473599702
18732573479
13438851606
18224090659
15028332775
18481904182
13419006034
13943409142
13845353214
18481942349
15846795850
18380445616
13658152624
13473914617
18380415491
18474763990
13438935225
18227196402
13408501438
13458556645
15928406158
15881479419
13473599411
13932304324
18244570791
18474668500
15846751952
13408519679
15004354579
13689662244
18215549100
18482382483
18408287253
13473544748
15704636382
13658164120
15883443642
13473895626
15883447408
15845309256
15777682457
18145843219
13438886597
13555012614
18245342781
18482306055
13408661347
15732536319
15183673461
18346342853
13473591107
13618109490
15043554036
18328542550
13843593843
15945473643
13614367994
15361598873
18477631024
15361600531
18474692971
18304354759
15907862094
15881468354
15845318071
15183681412
15243402887
15283547442
13619080964
13473911830
18482598424
13843512741
15143584290
15946347975
15982340216
15361599085
13332905887
13904458841
18328548618
13628075624
15181043544
13408554045
14736038941
18346364548
13473590319
15874641304
15243405120
15144550440
18374623349
15143552448
15183885749
18194008121
18145843213
15948434539
18843584546
17095937609
17324481278
18702849544
13628074346
18782126343
13628079474
13473579429
13844544241
15834557489
15892486426
15283553478
18227195460
13332906418
18380194500
18145843207
13473531887
15283867634
18781935224
18246326919
15044559664
15928499963
18443559542
15043509034
15834551854
13843579440
13943590649
15071660326
13473892056
18382570064
18282540256
15892487459
18782281078
18843584062
13438375506
15361567953
15361568112
18384867273
13473572482
15181936485
15246332939
15844555415
13766196490
15948916184
18227137448
15804353498
15883435486
13943576649
15883815468
13332906378
15181018914
18145843209
13473578920
13931594420
18249352580
15775364271
15043504534
15902843815
18224017895
15834552643
13844581504
18732515545
13473898239
15984903634
18732542143
18145843215
13836352752
13473575738
18327463822
18249330252
15764539331
15361568003
15883629644
18280402521
18308434545
13763608272
15944584971
18443570043
15844587645
13438803075
15243406582
18482298696
18380144247
13332906348
15846493759
18731544009
13408029383
18380435461
15114393419
13698195442
18249337167
15361567952
15971355034
15084296572
18224416139
13931337814
13932304450
15765028605
15972812243
13473597323
13489015696
18349340956
18327469392
18380418217
18145843120
13473539247
15774530617
13550613485
18145843182
15028343568
13932304317
13845341452
18327468275
18483621527
15143557497
18404351485
13513258127
15883687643
13636119057
13614350467
15143504473
15243443167
13332906234
13933772947
18227184617
18280479529
18783102429
18330417047
15232764609
15008344038
18118716129
13689667524
15132568455
13694675120
15044589483
15296261347
15044583064
15243430849
18129889344
18380450672
15883828429
13582970140
15028343257
15883656482
17878675997
15882520164
18280518894
18129888064
15183832461
15926709806
18280501764
18443584921
18343550454
15104353804
15760077704
18224058377
13932307743
13933771514
15884278543
18129895574
18782117014
18702831420
17087884217
18129895544
18308419440
18708148631
18124066297
18843588143
18782544141
15028341890
15831378441
15282881451
15040682479
15183839084
13604454626
18129888324
18402863553
18129885024
15884265524
18743559948
13550663428
18732554330
17095938081
13636106162
15076433620
15028342348
15282870814
18244685302
18227197942
13704357842
15143583524
18118715236
18280476027
13804815867
18129895984
17687926459
18246347601
15028344240
13932303541
15183863545
15281453842
15183660954
18327466177
18482343731
18129886294
13514581135
18129890314
13408457196
18482316096
15883848414
18343557047
15834649574
18408241911
13402882963
18482292985
17080401552
18129886804
18129896142
18129896174
18483612859
13843574591
17097440465
18308417492
18346330783
13614464624
15114350491
15943502479
13904459469
13438220561
15282893461
18129887084
15143599124
18118715212
13694685248
15834554193
18327463949
18482304386
13977617134
18249373538
13644360739
13637464418
15948525147
15883446524
13408569826
18330447608
15183840634
13894582245
18732546801
17096656077
18129895704
15843698492
18744523492
15904354549
18443585874
13458689150
18782457173
15143507664
15984932547
15098038611
15883447247
18845343932
15971371859
15144581418
13555017430
18129887644
13550628254
18118716252
18249347550
18714419073
18714530156
13438331055
18245343101
18349131579
18713541347
13894586924
18200540136
15846499197
15754637276
13696199474
18129888174
18383833249
18383859430
18124065167
18327468255
13458635055
18482323720
15114300504
18349326750
13402849062
15883670324
15028413694
18712748405
18346399513
15028309485
18349322726
18482385179
15884254249
13932309144
18330400474
15282860437
18712742834
17388785236
18308420924
15044584703
18249361318
13945340267
17878651964
18380405918
13489016907
15196323504
13932301048
15076433969
15272010673
13943581748
18200543518
18227199844
15846789576
13945368207
18780034631
15028342575
18281020749
15183896492
17744965411
15945496792
13614354202
15883641147
15243423034
17080408852
18782215665
17086816549
15883441659
15764538391
18780688498
15114033768
18308421419
18227144830
15874636434
18327468052
18714533972
17096657414
18380105364
18129896045
18129896394
15183878654
17095689053
18304354294
15114354965
13658162384
15181040452
15282872764
13438014595
15143554960
18780052824
15183853640
13409867497
18780014890
18129895834
18224052973
17087884715
18383802487
18743559284
15844505406
13438295017
18780694202
13644538726
18380413054
18445308432
13408423966
18782252056
15208487579
18249350189
15833451964
15928043570
13658102864
15945305860
15765035582
18280485207
15181007499
15114304098
18782497001
15844584674
18346395049
17091355229
18224009117
15774101364
15232674054
18346330976
18771591314
18327714656
18304354592
13513130979
17749477143
18200468163
18732517448
13766148354
17096653310
15045316890
13843511490
18804531413
15945750271
13944594641
18249350237
15183897438
18349347306
18371324692
15272010722
18346352559
18814534081
15843608747
13647132452
15076434331
18200417752
15028342915
15883848467
18245380813
18732514810
15174690571
15028334502
15844589194
18746319121
15883841564
18200418921
18783112804
15028341335
13932300434
17091353938
17746959643
15971407734
18724308459
15874632404
14736070457
18383855542
15984911894
13408383742
15971408154
15114396645
13408073428
17737322403
15945331316
15082548460
13438172096
18443572043
15076432101
15831378244
13408597300
15971403258
17091355619
15765033631
18771647481
18346332180
15982944262
15196995403
17729714023
17749474149
15076433695
15945495820
15028342931
18200406201
13843514052
18443584818
15043507046
15031532024
17086815331
13844598454
18714538572
15844588349
18474667633
18443589457
15081341250
13473896030
15028344627
15346328143
15831377141
15754538926
18349330645
17096653239
13438263326
15283572545
18745335446
17847553413
13438271473
15196330654
15028342405
18732529472
15834671404
18428377116
13408380417
18483672523
18330407872
15181019342
13778906294
15971372981
18245396763
13684532082
13836305021
15081340346
15831374526
15183660240
13438891623
18728498101
15892478492
15114355994
18782274900
18780682418
18227140574
18330409930
18849525290
13323639424
18346390240
15081382384
15884287945
15271630199
18327784804
17077485096
18383820248
15831374042
13694355940
18712746648
13438471113
18346355103
13550636640
15183850094
15245396251
15945758359
18845348545
18224090691
15245323490
17724952538
15028510474
15892469435
15081339123
17746951412
17099601764
18349192591
18712744154
15282851941
18383833904
15283866407
15883419904
15928743653
18704537030
15892484475
15081382594
15282880487
13807465347
18380438306
13845398145
15754636972
15928453126
15283864946
13694683262
13438301697
18346330570
15754538676
18245350742
15271645382
15145342771
18129887924
15883657457
13904459409
13694353045
15046365427
18380415585
15143580484
18349121007
17376822758
15844584826
13624534940
18129888494
18771591473
15846488534
15044504237
15881471449
18244572101
13438202307
18383807674
17099608174
15804533771
13408147086
15902847580
18732589874
15004353440
13844543437
18714447142
18249368438
17744931046
18443554260
18383807401
18383809470
15754632745
13644538720
13604455430
18330445669
13843539764
18224479682
18280431319
18783170634
18845381539
15945499212
13477649270
15072835665
18249338303
17744931035
18281085541
15754638795
18383804996
18843588254
13943595414
13944581254
13696195417
15043504249
13408603283
18308420450
18702886243
18327468961
18383806664
18227105456
13581273469
18380104726
17744931039
15145397053
18383804703
17095937607
17043191421
17744930623
18200495561
18374689748
18249361831
15774638505
15884293514
13943580814
13843573794
15774634112
15884288145
15874640164
18782408028
18702834474
18383808084
17744930160
17744930751
15181030764
15984932614
18249364663
18383809421
15892488434
15844584429
13438069939
18200485856
13894535624
13843574810
13689643412
13458504041
18781997394
17080407119
13766185034
18702845375
13946361253
13438909745
17086813840
13678386764
18780684367
13843599421
15144583794
15883644019
18383809946
18443584312
18714420962
15103155034
13668306427
15143593146
18408264416
15828649597
15945475981
15183810124
17744930159
18327466174
17744930146
18781908423
13438056727
13438864055
18280506554
13694359664
15114354464
13409892855
13636133435
13628105749
18280565334
18280141369
15028336089
15846746160
15945487257
13408595391
13477690173
18327794483
13438030696
17744930151
18129886914
18743555446
18280501641
18280599465
18443570402
15946309306
13438121290
15834565904
13944548614
13438092003
15984908584
13628104584
18245309636
18280564519
18704354713
13689657074
13689622451
15971399575
15282874341
13689636442
15945731470
18304354517
15114301421
18249339952
18118715369
15072820350
18745320312
18118715336
13438169329
13618102743
13628103904
18308417439
15282876420
18408245102
15774530762
18304354720
13408068360
15732098490
18200432920
19924440752
15245307727
17092634650
18330402644
13489018382
18771639685
18118715360
13438892122
18249329027
18280500742
15283887468
13986564613
18408216248
15984948175
13618104423
18383861954
15145342289
18383844332
17744913565
13617137414
13694671743
13972715047
15283183465
18780039477
18280516634
18118716232
18129886744
13658154170
18280514955
17092634502
18482376192
18474760952
15883436443
13664635062
18304354192
13618106124
13574623465
13618102844
13894547043
18482350628
17744916857
18227199914
17046046839
18327704374
15028314796
13932307469
18482370694
18249326901
13689664349
18129890041
18118714942
15282852472
15282858247
15945729873
18245393679
18227143445
18227145419
17096656100
18483693958
18249355223
13807466541
18482373830
15883664142
15114303470
13581273440
17744916652
15104352546
18782187742
18129888264
13689650947
18249332610
17041184153
18280546140
18281049440
15278697414
15282860480
13689662274
18249350706
15031564401
18224031210
13689638034
18308419141
18771625727
13408594394
15098031575
15892467245
18281042674
18244418841
18704536019
15883431034
15277648694
13582971104
13618104062
18308410049
18327749586
18782279467
15183898154
18244419410
18283843467
18745386462
13419002353
15704530939
13636062650
18346355236
18245335820
13408655089
18380400880
18245390767
15245317228
13488958494
15232629416
15945329893
13458545608
18482145877
18771637110
18280547540
18244419043
17744918938
13636044935
18843581094
18843581094
13408384275
18482206733
15183898746
13408383247
18482342787
13550615145
15271641304
13419002178
13766144281
18227143346
18280540040
13628075547
17098324751
15984935684
18245395419
18327704584
18349343779
15183889540
17744930626
18227124478
13408694847
18380410534
17388746319
13458570645
15145388367
18374650647
13694672646
15945347561
15945481874
13628075493
18244411429
18281045314
13894514159
13684648482
13581273440
15246389365
18188637221
18138421127
17744930629
18745323863
13894594847
13874372148
13932306241
18374662146
18302847887
15145320167
15031539045
13684535170
18281041734
13618109341
18327704151
18245316342
13438119283
13438120513
15031534981
13674532109
15102577814
17744930490
15943622404
18380135704
15984919495
18482023885
15982942534
13628102984
18308411434
18771637110
18778631464
13408674561
13408676210
15764538957
18346305447
15972808146
18877692184
15282856442
13689665451
17744930496
15945347212
13689775201
18281076341
18346362575
15945349135
13628103384
18383848548
15982943334
18308410424
18771633561
15196976894
13408663648
13408675329
13628076554
18346354052
17744930672
17744931050
17744930916
13689663774
18771626516
18712749354
18383804836
15892485344
17744930809
15282847412
15183887848
13581273440
15143554815
18249343916
18284220417
18244410342
18482341371
18245370764
17744912159
17744931045
17744931056
15982845168
15774633213
18728540523
18308400184
13628072242
15208346733
18308415146
18249331623
15928747756
15982944461
18481907687
13438065200
13668311524
15846753187
18349303304
15983844014
18383809049
18383854155
15884281472
18408297089
18783841049
15883663847
15883667410
17744930527
15075318774
13628071418
18771624016
18428058335
15883439504
18249317592
15983848413
18783100524
15765020491
18227194495
15984902405
15845310268
18282541077
15883662410
15076434335
18200498171
15004536963
15246332293
15245301529
15183894147
18349336424
15183881834
18327704282
17744930931
17744930925
18346399239
18224009012
18281041485
13766144045
15043588547
13628072746
18483680049
18284220413
18308415246
13614608779
15028309217
15183893924
15984930514
15984905524
18349378397
13438215532
17744930752
17744930837
15044589498
18771631674
18383862154
15175564243
13593681024
15983844302
13604609273
13972707711
18283840954
15183895584
18249378972
15834554653
18704538975
13438121165
13628077144
18728499618
15243417392
18244411947
18380118334
17744919378
17744919011
15945750686
15945473861
18200492292
18245331657
18714533872
18308449417
18138431326
18783190645
18224008752
18402839185
15928479213
15883417749
18380437710
15883433654
18783139224
15084298706
13628072104
17744918987
13943530481
17744919008
18783132774
15084294515
18383831497
18148593063
18138440737
18380436037
18380194417
18782275856
18249337327
13657463411
18349352493
18249331765
13458016549
15282875894
18443582404
15945326917
18843504637
17744918233
17744918218
18280554540
15283589804
18380114382
18443587450
17388744954
18138421445
15208145298
18224056505
13644534695
18244419249
18224061527
18349390495
13886442270
15883447489
18380433365
15883652473
13694674365
13438841336
15146337991
18280564443
18280564443
17744930667
17744930659
18783193340
17324468033
18280426390
13766188412
18138436037
18280540241
13438096129
13804806717
13597545050
18814535762
18383840244
18346362092
15764537921
18145843137
15323716718
13618101140
18780666440
18380144220
18782411460
18380107564
15760072134
13843573414
18224489750
18280545434
13408611848
15883414088
15282889245
13654350402
18327724039
13886435433
18232586426
18383860846
13795807974
18129895814
18118715302
13438491811
15982849230
14736082137
18383841134
13890970449
13438042320
18728489312
13763614732
18349327661
15945397950
18782040137
15983843734
15283594712
18380463071
18782214313
18371345494
18281006408
18118715301
18118715943
15982343832
13473901586
18249349192
18244412424
13513441041
18380149630
13438023924
18402864325
15874640944
15174671215
13694683660
18232594376
15982450728
18246343761
15945349237
18280570423
18224018317
13438331936
18383808274
13766149441
15271588404
18118714944
18129890064
15272026454
18281046408
15283553114
18346359753
15208458203
18380148697
15246337041
15982941124
15081563848
15892479754
13438100652
13408145683
15282851434
18200436269
18249362586
15883672274
13438301059
18845300643
13438030270
17744917698
17744963658
18782282534
15846784031
13943408420
15114395946
15774639081
15046392647
18308432140
18380649748
18482164863
18280541144
13408601538
18138824205
15774633816
15244945110
18245344635
13438308014
18280543974
19924525007
15296279674
17744917577
17744963789
18482024398
18428083991
15948525452
18245392916
18281041194
18245343991
15948532845
19902400678
15947916445
15045314329
18346396510
13217025324
18380647174
13438081103
15948479427
18129884684
17744963818
13763604732
15775371404
19924525004
15948521425
18349113675
13488935840
18227148448
13488929008
13845342162
18346363356
13438353310
18728040294
18281042449
15145347971
13184613536
18380645646
13438183987
18444089192
15945307390
13438332315
18443292861
18118715713
18129887454
18227145495
13438053337
18224420623
13408514821
18745381453
18245397598
18349317438
15774634497
18443282079
15982145703
18380646604
17607024248
13477633450
19924498083
13843598614
13419278924
18129889124
18443230254
18129886174
18244418144
18330420452
13971741599
18383853734
13408550440
18483125734
18443584150
15045311015
18380647401
18280532486
18782235097
18444060285
17687923640
13604607532
18444087470
18383840134
13513130504
18330446801
13628074420
18349328273
15945491658
17744930644
18129890384
13438334094
18232563943
15028334700
18443240879
18380107749
17687924804
15928548863
15044506264
18380646346
18224025835
15948415741
13438241793
18377622374
18728046418
13473547624
18129886714
18129896403
17744912013
18249353915
18404354315
15904631574
15948522147
18404354516
18380646434
19924496310
18679240578
15943504802
18444088848
15883671514
13664355045
13438313419
15098031315
15892469465
15143597427
18280407175
15184476167
13408534805
18280349815
13678385847
15704636118
17607924985
18380646451
15948520460
13766143043
15944580746
15704637613
13689664244
18118715007
15883674494
18408275952
15183875240
18346310786
18443554727
15774631621
18246322401
13438097132
13207024781
18118715229
18380646354
18241498804
13704248254
18232594800
15243417178
15044554728
15183683946
15283127747
15282874434
15834561465
15208146932
15084295923
18380646643
13438315916
15084287593
18482353503
18483642919
14779547338
13408086489
13438015350
15183676435
13698180424
13438313708
15704535349
15981606140
15041401854
18383840624
18679295831
15846759908
13614247014
15945757091
13408500985
15883442941
15214636805
15143554427
13040224281
15078698674
18780052374
15283556148
18397492449
18780146465
13027294376
15084298389
18383841046
15084296301
15846772126
18814534238
18782430067
18782430319
18783134892
18281079045
18244410422
13696198497
15282864046
13704249044
18249336140
18346355768
17607021461
15084297383
18281085884
18380646641
15214620431
13408144127
13618100934
18200489357
13408550373
18843555714
18249349936
18783127407
15834695463
18783124624
15084289244
15084296113
15714467686
13644637578
15208463703
15507925964
15945335505
18129887294
18129895475
18383800664
15775384802
13151106310
15945742572
15981604140
15804350497
13704147384
13894591475
15084277597
13894597457
18383800654
18845383746
18443584483
15908148903
15183881942
13040224372
13689638490
15114354258
15775384802
17607024614
15245395216
18245335042
18129886104
18129896294
13513467273
15945311287
18283845046
13943592745
13489079903
15245337936
18704539706
15982946347
18327724023
13658178464
15196344487
17607924371
15245390583
13766143204
13664354486
18227198924
18129886494
18118715162
18280493292
15282894534
18327704019
13644539163
13438060756
18383844439
13844583247
18482260546
17607024947
15114355461
18408256427
15183894234
18124062959
18124013652
15245301303
18714415907
15183872014
15044587045
18380435614
13843584493
18383844647
18281042470
15144552145
18408256689
18346317746
18507922523
18482328816
15323751279
18124064681
13458619493
13438157260
15981606754
18304353458
15945499719
15143550942
18712748452
17744965578
13766147084
18428076657
18782273505
18123983120
18482302369
13438186083
13689647214
17744912250
13843597418
15143503454
13408466132
13438033749
13604830775
13644630127
18327469065
18428072386
13489946712
18780691496
13438357984
15143596491
13405957864
15704532873
13438332543
18244418154
18428073673
13408486992
18482173213
18843587214
18843557423
15944507634
13438265214
13843514586
13890977964
13408496639
18428071718
18845383256
18129889764
18280596994
18408298487
18408298487
18349339087
15984922043
18129884874
18843506074
18245308973
13550654243
13488986376
18428376927
13844545940
15044580945
18743554731
15943589462
18118716057
15944582164
15183677454
18845382845
13689664644
18807467412
13943599174
17744918277
18728499341
15883639654
18249357859
18308415460
18428370827
15043584495
18843553406
17744966122
18443574768
18782452009
15971407463
18129885184
13845399713
15183884401
18474665211
15183681084
15183686404
18304354606
13894591904
15114395749
15884275743
15183890043
17744966123
17744930256
15208340911
18280541140
13438893035
15183895419
18780030546
18443580245
15044581428
15884264097
15884275841
13694689856
15183877043
17744965378
18330442479
18482072031
18383854302
18118715682
15183880084
18843580402
15984942770
13500958498
15203159402
15174691673
13945337902
15884274986
15183876414
15765026172
18346363969
18129884524
15181085484
18129884344
18308411452
18443566146
15764539262
15044554718
13438934195
13894514036
18308401324
13408586862
18308407459
18129896341
13704609805
18443554438
15183887496
18304354527
15971399640
18771646944
18129896043
15081526481
15004359342
15883652418
18380434341
18443585414
15183874510
17324465335
18443574138
17304472672
13408683247
18129885844
18129885264
18402875530
15943506854
13438075747
13408598259
15046379080
15183892418
18380132494
18200440102
15883658847
18408221869
18443571904
18118715691
18349378219
17744917758
15081554202
18308406624
15081386705
15846772178
15245316613
18380435450
15984927694
18349396140
15246338103
18280346956
15984949780
18482376803
18483695036
15928943871
15081457815
18402839885
18129888574
18118715401
15183879843
18349349030
18280477225
18714530861
15245337882
15196649317
15183873114
18728584900
18349382736
18129896114
13316491583
15228847959
13624537845
18780695224
18783190478
15181095048
15232654344
13438837948
15103252245
15208479596
15145398652
18215543772
13316492805
15323443822
18349321272
18780684401
15945481549
13628106074
18732503749
13568584183
18380433697
18200472772
18124049185
18123830536
18200468371
18249353387
15196972844
18482349436
13804820631
15232740634
15707765484
13678317841
18200481629
18328042657
18123972256
18123830835
18783152104
15883410143
14702852221
13871955496
13871964545
18745382384
18327463963
18380448755
15208479596
15196954059
18224486551
15046356442
18123800617
18124053610
18783176243
15704631397
18327467740
15283156784
18474690805
18280477225
15874639924
18200439380
18124054651
18123805829
18783104137
15246339281
18380433683
18227192469
18783133246
15282846429
18474682662
15874630284
18227192734
13514593730
18123984136
18783165940
18124039902
15874641554
15283534042
15208479596
15874628224
15754539693
18280582042
18780011406
18124033751
18224421207
13628105945
18783167145
18124019323
13688293548
15874625514
18280477225
13574674042
13513048545
18124030961
13438022325
15754638387
13568107274
18474699131
18380433357
18783100454
15874625124
18129888634
15945496937
18782062344
15881473845
15883417384
15044504380
13568589574
18474691105
17744964022
15198149737
18783158043
15874640294
18712742490
17744964011
18482106640
18845343759
18249363863
13568094137
15874640594
15144584571
13637468644
17744963611
18782284391
15044554937
13408588187
18249355581
13408558047
13604537213
15978098374
18474683031
18704350489
18474653500
15208491325
18145843117
15114355492
15981606421
15044558408
18145843186
13438086951
15282846493
18443584551
13689669046
15232666045
18145843173
15982347897
15845313352
18194008241
13689660634
13689657184
18380431099
13614630293
18782451164
15361568613
14702851986
15143583848
13944594801
15765034302
13689668946
15361568639
13689657475
13408425605
18245398682
18380406891
13843514580
18346358380
13766598043
15281451460
13689665904
15945327931
15230504482
13332905898
18428087821
15323487211
18474641572
13604638785
13944592441
15230535423
18474659350
15282854441
13689663904
18482231138
18732538427
15361567932
18145843170
15104351246
15282854046
18330405349
15282860440
18732509942
15046367408
18327749185
15081957462
13946319194
15844500949
15282857944
18145843092
18145841753
15282854274
15246335979
18380142532
18708146171
13458981142
15282855784
13419273823
18408220559
15282847457
18380134407
18145843171
18129896094
15846775917
13804457794
15282858475
18328545357
18408279510
13419286940
18200459992
18129895943
18249356237
18118716320
14702866197
18328546585
18483664302
18245307592
18224076327
18408297061
18380438247
15843661419
18328547537
18328548799
18308432749
18746330837
18383853964
18224049093
13894583482
18782094873
15774631817
13438213034
18428380169
18328546949
18380435535
18702826461
15245302926
18782019346
18328542738
18328503460
14736039413
18328546462
18780096480
13766629610
13945375412
18783166144
18380405025
13766654712
18482278006
13845365487
13514572523
18349339233
15846773731
15246336286
13438035204
15046373628
17744912544
13458669677
17744911301
18745337269
13943638450
17744916891
18782190246
17744915680
13932313441
18782241721
13644530436
17744916726
15846484707
17744913946
15765038274
18138440027
18246328681
18714534901
18227100045
18025328633
18138445295
17796347400
13904843487
15754531631
13696198624
18804533872
18148598292
18138437759
18245339842
15843694582
18148588651
15043551149
15846485042
13404504957
13392408918
15982594420
18708159642
15246360471
15846490690
13604636412
18124575033
18148592092
18327714544
15104356264
14736052207
13644637518
18202849156
15183878419
18308433445
17749476372
17749474212
18408289814
15765038321
15945715073
13674535915
15945715073
13674535915
13488951203
18308418491
13674530298
17746954813
13807465143
13945311061
13795921841
13614353465
18245309571
15982942447
17724954338
13473594256
18308432471
18346359165
13438108319
17746951803
15945383704
13513137959
18814537450
15881466647
15754538019
17749471480
17746957850
15943624082
15004530791
15883442491
18482313046
17749476026
17749475771
13698180423
18482329763
17749479740
17749476346
15945323573
15943629847
15196344607
17749479641
18327714850
18327714850
18137248363
15198040186
17749474398
15204533147
18724307401
18380422051
13668310406
18714442643
18280489522
15114357124
17744963978
13352969098
13597597435
13550654849
18138872976
13392410133
13624354298
18148592696
17796346889
15143553074
15982406529
18138438195
18138420239
18138419982
13658171004
18148598435
18249364797
13943574510
13352968698
13438327100
15283133481
18148592093
15883441493
13438206345
15765023924
18148592803
15984929049
18138447013
18380416790
15945497215
18148593069
18482313562
18138437553
18138840639
18408298468
18138825505
15114087712
18138447169
18474696141
15174699309
18249374153
18138841559
18129888024
17744963987
17744963968
18308410346
17744930993
17744930973
15945758017
17744931006
18129884964
18118715182
17744931007
18118715970
15883444369
18745365739
15081552846
15883644103
18383832949
18380641949
17744918211
18124027535
18383854488
13438374362
17744930627
17744964618
18281016984
17744963477
18383830843
15028507931
17744964654
18383834183
15004354705
17744964978
17744964698
18383830124
17744963468
17744930132
15765036174
15774538920
17744930131
18124063110
18482348450
18714424424
18383828470
15361876512
15361878195
15146334857
13836306187
13316484221
15361877867
18482390633
18783109487
13316491970
13316485510
18783175843
18249367572
13316489073
17744912061
18123985760
18780684997
15174672036
17744919877
18783111455
18123989752
18123985291
18783119054
18349317763
18123985852
18123985716
13408584113
18224428857
18123986537
18123975379
18398446964
18245358335
18349193559
18129924800
15881940100
18129905876
15945498306
13408013920
18123803175
13392161647
18224477537
13438804124
15282534146
18124060079
17744913357
18224488917
18398132134
17744931016
17744912129
18380143495
15196946384
18129878322
17744912995
18224057308
17744912245
18123982735
18124006592
18145843183
15982425358
15361567931
15361568002
18215642501
18145843083
13332905886
18474763962
18145843085
18145843206
15883414384
18474675163
18145843163
18714442756
18374683449
18474794681
18145843169
18482347604
18397495847
13438137193
18782047562
18482354995
18780042602
18482345719
18482016749
18482347604
13402864358
13514524080
